1 1
1 4096 2 12
1000 7992.754188 1.414 7
1578.38
1788.99
1720.12
1505.5
1204.4
999.398
820.019
820.019
820.019
820.019
820.019
745.472
1802.33
2058.43
1882.36
1549.43
1203.69
1024.41
921.973
819.532
819.532
819.532
745.029
712.636
1548.03
1791.1
1739.93
1509.64
1228.19
1023.49
852.907
818.79
818.79
744.355
711.992
711.992
1835.6
2110.62
1893.16
1586.16
1227.99
1023.33
818.663
818.663
744.239
744.239
711.881
711.881
1521.3
1738.62
1738.62
1534.08
1227.26
1022.72
818.176
818.176
743.797
727.268
711.458
707.612
1865.92
2095.97
1942.61
1635.88
1226.91
1022.42
908.822
778.99
743.581
719.068
719.068
711.252
1789.09
2146.91
1840.21
1635.74
1168.38
1022.34
817.869
778.923
735.163
719.006
713.129
708.304
