1 1
1 8192 2 13
1000 3997.58436482 1.414 5
1554.35
1800.2
1748.95
1505.5
1204.4
999.398
871.27
820.019
820.019
820.019
820.019
745.472
713.06
1794.33
2045.63
1856.75
1536.62
1203.69
1024.41
921.973
819.532
819.532
819.532
745.029
712.636
712.636
1570.41
1803.9
1765.52
1509.64
1228.19
1023.49
818.79
818.79
818.79
744.355
711.992
711.992
704.336
1822.8
2059.45
1867.58
1586.16
1227.99
1023.33
818.663
818.663
744.239
744.239
711.881
711.881
704.226
1521.3
1738.62
1738.62
1534.08
1227.26
1022.72
818.176
818.176
743.797
727.268
711.458
707.612
707.612
