1 0
1 8192 2 14
1000 1900 100 9
1816.21
4229.83
8418.81
16526.9
33130.7
63109.4
109959
175330
247697
315400
365524
398119
414930
424770
2161.09
4353.66
8647.25
17375.9
34174.3
66341.1
115056
182211
257397
324800
375026
406279
422649
432570
2218.3
4402
8794.78
17598.8
35382
67747.9
118801
186798
264535
334119
384886
417353
434472
443917
2235.22
4486.68
9026.13
17884.5
35741.9
68485.5
118440
188127
264720
332869
383441
414961
432280
440593
2250.9
4543.39
9002.04
17982.1
35970.5
69104
120433
191307
268131
337424
386832
417763
433830
443471
2293.38
4574.15
9112.27
18375.8
36225.7
70001.8
123289
193146
269287
336147
382258
412230
427907
435285
2315.69
4622.15
9180.77
18357.4
36591.9
70855.9
125055
195223
273062
341000
389789
419693
436480
444874
2343.43
4703.06
9276.57
18543.9
36893.5
71270
124736
196913
274050
342599
390273
414554
433505
445350
2341.23
4678.57
9351.94
18735
37023.9
71205.5
124693
197765
273369
339263
384410
408975
427565
440843
2312.34
4698.36
9419.83
18793.4
37274.8
72769.7
126908
195933
274805
342489
386872
414242
434954
443830
