513.145
1167.56
2288.5
4621.76
9171.71
18279.2
36812.7
56314.4
64132.2
69443
72272.7
2256.14
4531.12
9036.64
18132.5
37024.4
61784.2
76159
87693.4
95189.5
104690
105151
5038.74
10297
20560.4
34951.2
54160.3
73119.6
86313.5
95500.1
101483
107854
115473
5838.75
12406.2
23719.2
40748.8
61069
79227.8
91503.5
98229.5
100915
111953
102163
6656.79
13330.8
25530.2
43889.2
64621.8
82654.6
92690.6
101220
101399
106401
105786
7035.31
13894.9
26908.3
45489.8
66862.7
83940.8
93633.7
102911
105681
114395
114026
7469.63
14350
27696.7
47322.3
68409.1
84434.9
94729.4
99088.4
104214
107781
110545
7099.81
14655.4
28344.9
48268.1
70203
85442.7
96081
102823
101708
101314
112207
6999.04
14706.5
28665.6
48817.5
69765.9
87229.5
92875.9
107989
107200
106840
106494
