0.19392
0.46864
0.93728
1.87456
3.8784
7.36896
14.7379
28.4416
59.9859
229.601
2.1708
4.37376
8.81184
17.881
38.0774
79.7568
158.484
312.852
642.171
1210.25
5.49024
11.4862
22.6834
45.0778
91.3114
176.844
349.064
702.751
1405.5
2570.59
9.68816
19.5046
38.496
79.0451
159.117
318.234
628.255
1182.6
2332.34
4303.34
15.4308
30.8616
61.3224
119.438
240.48
484.166
955.507
1885.36
3488.56
6207.59
21.2033
42.1181
84.8131
171.934
339.252
660.042
1320.08
2437.08
4431.05
7975.9
29.0494
52.603
113.057
224.544
436.527
891.896
1733.54
3215.85
5728.24
9748.05
37.4227
73.3075
144.564
291.18
574.157
1115.5
2198.2
4002.69
7021.12
11417.5
47.0322
92.767
182.939
371.068
721.377
1401.24
2636.4
4940.65
8303.62
12787.6
