26.4264
42.4424
84.8848
172.973
339.539
691.891
1332.53
2613.81
4715.11
7995.19
26.1598
53.2884
104.639
209.278
410.805
837.112
1550.21
2976.4
5332.72
9177.23
30.5534
58.801
122.214
239.816
488.855
940.815
1770.95
3541.89
6050.73
10330.5
35.179
69.005
140.716
281.432
530.392
1082.43
2467.94
5542.05
9525.4
16279.8
80.8097
177.311
360.898
728.072
1380.83
2686.33
4920.76
8636.44
13055.1
19683
106.271
214.343
428.686
828.552
1642.69
3054.84
5418.01
9452.7
14294.3
20749.8
122.957
245.914
471.334
942.669
1803.37
3278.85
6033.08
10230
15213.9
21509.2
130.705
261.41
508.939
990.118
1961.73
3664.36
6514.42
10660
15989.9
21912.1
143.936
285.278
580.931
1120.37
2074.75
4025.02
7137.15
11452.6
17261.9
22573.3
151.7
297.621
606.799
1109.58
2172.92
4160.91
7119.78
11835.5
18123.1
22931.2
