1250.88
3021.37
5426.46
9329.46
14914.1
20657.5
25866.9
29628.4
32023.2
33271.5
2696.95
5139.71
9011.55
14258.8
20167.7
25549.4
29308.3
31989.2
32808.3
33738.7
3321.96
6334.58
10693.8
16380
22446.4
27147.2
30442.5
32086.1
35525.9
33158.7
3491.2
6920.17
11601.9
17422.3
23261.8
28113.4
31667.3
33654.7
33654.7
33671.2
3706.6
7237.25
11981.9
17954.2
23669.6
28860.8
31320.1
32846.4
39425.9
32876.3
3434.35
7383.07
12152.5
18233.1
24414.6
28474.1
33094.4
33103.7
37848.6
31571.3
3622.74
7552.85
12202.3
18638.7
24216.2
28992.9
32171.1
32183.6
38640.5
32221.3
3784.82
7430.2
12153.7
18469.4
24245.8
29405
33612.8
33629.2
33662
33727.6
3766.79
7533.58
12385.4
18677.9
24013
29239.1
31906.6
35463.4
35498
26675.4
1590.26
3491.34
6801.71
12033.3
19875.1
29581.3
38167.6
46298.3
51382.1
54777.5
3676.13
7280.64
13168.9
21725.4
33558.3
45146
54620.5
60975.4
65052.7
67732.6
5010.53
9760.13
17434.3
27712.7
40085.1
50635
57939.9
62133.3
66548.6
66299
5665.78
11095.6
19597
30560.2
43279.8
53631.6
59561
65445.3
67309.5
67309.5
6120.62
11875.3
20806.3
32041.6
44952.1
54826.2
61203.8
65936.4
72259.4
65718.4
6219.05
12327.3
21636.6
32658.2
46214.5
55988.2
61693.2
66188.9
75660.2
63081
6455.65
12692.6
22014.8
33485.4
46369.2
56572.6
64580.8
64342.2
77230.7
64400.8
6365.71
12850.3
22406.5
33463.1
47622.2
56931.7
63042.4
67225.6
67258.4
67324
6833.62
12989.3
22521
33492.1
46733.8
55893.7
63792.5
63813.3
70926.7
70995.9
1811.09
3915.94
7730.06
13637.3
23787.4
36584.9
50415.3
63626.4
73279
79752.3
4242.02
8443.48
15873.6
29549
47367.6
67073.4
82022.9
91931.3
97774.6
99849.3
5918.98
11720.9
22354.7
40615.1
62839
82866.8
94339.7
101048
104987
109333
6563.57
13484.8
26034.1
47574.9
71271
90004.7
100784
106171
109768
109423
7055.68
14437.4
28161.4
51448.3
76063.8
94152.7
103028
108825
111685
118252
6878.23
15131.1
29645.9
54406.2
78962.8
97238.5
104804
109152
113472
113509
7431.16
15584.6
30589.1
55889.6
81209.7
99239.2
106588
109414
115821
107279
7934.9
15733.4
31454.6
56948.1
82129
99493.2
109631
109221
117653
112097
7450.23
15924.1
31835.3
57442.9
82003.4
101771
106701
116956
106369
127710
1633.24
3913.06
7701.66
13648.6
23148.3
36464.2
50366.5
62656.8
71065.7
75166.5
4193.58
8275.57
15765.2
28760.3
47445.3
66022.7
81928.2
91390
97774.6
99857.6
5836.56
11501
22060.5
40342.6
62610.1
82469.2
94360.5
102296
104960
109315
6507.68
13329.8
25868.5
47049.8
71474.2
89982.1
99715.9
106048
109768
109390
7034.14
14432.6
27942.6
51198.2
76128
94117.5
102996
108800
111685
105119
7575.2
15066.2
29457.3
53763.4
78960.4
97238.5
104822
109152
113472
113509
7223.89
15473.9
30534.9
55054.2
81278.8
97625
106613
109490
115821
107279
7802.12
15729.3
31201.3
56386.3
82141.3
99517.8
105399
111485
117653
112097
7282.85
16091.5
31159.3
57445.5
83357.9
99082.9
106722
116956
106369
127710
1589
3895.5
7116.52
13597.6
22259.3
35106.9
48590.4
59320.4
67176
72665.7
4208.31
8247.5
15752.1
28554.3
47386.3
65620.3
80455.6
90721
96704.3
99865.8
5806.54
11446.3
22040.4
39835.4
62390.5
80873
93102.9
101044
102592
109333
6488.82
13408.2
25724.6
46609.4
70113
88232.8
98636
103962
105547
109423
7062.9
14368.5
27906.1
50298
74736.4
91590.8
101335
105542
111711
105119
7535.67
15064.4
29150.3
52817.2
77714.2
94843
102422
109152
113472
113509
6862.54
15472
30086.6
54149.7
79538.9
95985.6
103334
109389
115821
103008
7599.89
15748.8
30924.5
55256.4
81046.3
97377
105432
109221
117653
100920
7621.49
15920.2
31161.9
56033.8
82003.4
96384.2
106722
106328
127627
106425
1666.12
3864.98
6913.12
12280.2
21609.2
33875.5
47375.4
57812.5
66276.2
71389.5
3594.94
7876.47
14954
26332.2
42859.2
62953.8
79260.8
90776.6
97782.9
108387
5591.01
11063.6
20811.8
35800.7
55958.8
76107.4
89808.8
98625.5
104987
109333
6479.07
12899.8
24581.5
42160.3
63502
82153.5
94246.4
101728
105547
109357
6876.13
13963.9
26973.8
45522.1
68055.8
85511.5
96333.1
102207
105119
118252
6751.44
14747.4
28505.9
48330.8
70229.9
87601
97667.8
104407
104019
113509
7526.75
15153.6
29464.8
49696.5
72118
89459.7
96865
109389
102957
128735
6387.24
15598.1
30094
50853.9
73553.6
88912.3
101199
100822
117653
100920
7706.14
15748.3
30473
51285.2
73933.3
90748.1
101366
106328
106369
106425
