1 0
1 8192 2 12
3000 4000 100 9
172.858
273.691
561.787
1094.76
2074.29
3918.11
6683.83
10601.9
16594.3
22125.8
29501
29501
165.345
292.238
553.715
1076.67
2091.81
4183.62
9843.81
15257.9
20672
23625.2
27562.7
31500.2
295.004
516.257
1016.13
1999.47
3605.61
6424.54
10489
16258
20978.1
25173.7
29369.3
33564.9
318.084
531.593
1063.19
1986.94
3625.29
6413.98
10597
16174.4
21194
24540.4
26771.4
29746
277.522
564.294
1128.59
2072.16
3922.31
6956.54
11248.9
16577.3
21313.7
26050
33154.6
37890.9
313.69
578.365
1078.31
2156.62
3999.54
6901.17
11606.5
16939.2
21330.9
25095.2
35133.2
33460.2
347.424
591.14
1161.54
2157.14
3899.45
6637.36
11283.5
15929.7
21239.6
29204.4
26549.5
26549.5
312.216
580.613
1095.5
2103.35
3856.15
6835.9
11568.4
16125.7
21033.5
30849.2
33653.6
33653.6
352.429
589.307
1155.5
2726.99
4067.37
8874.27
11462.6
20706.6
26622.8
29580.9
35497.1
35497.1
316.449
608.556
1460.53
2872.38
5063.19
8957.94
14800.1
21031.7
26484.4
31158.1
31158.1
37389.7
