1728.24
3836.67
6883.82
12299.7
21737.8
33950.4
47055.9
57653.2
66037.3
71633.5
74097.1
4045.04
7899.14
14875.5
26235.5
42615.1
62744.4
79324.6
90686.1
98844.9
106255
110042
5574.72
11016.2
20793.4
35920.9
55949
76427.6
89219.3
98607
104987
109315
113661
6391.68
12900
24600.5
42078.2
63231
82028.3
94353.2
101736
105547
109357
117800
6360.9
14024.2
26962.6
45758.5
67605.3
85508.3
96352.3
102220
105119
118252
105170
7252.68
14803.4
28345.5
47728.4
70211.4
87628.7
97667.8
104407
104019
113509
113583
7477.09
15160.7
29443.6
49704.4
72030
89428.3
96865
102983
115821
103008
128802
6394.42
15604.2
30101.2
50333
73447
88904.1
101199
100822
117653
100920
112207
7715.55
15745.7
30475.6
51272.2
73938.5
90779.3
101366
106328
106369
106425
121707
