1 1
1 8192 2 13
1000 7992.754188 1.414 7
1579.98
1808.21
1716.92
1499.1
1204.4
999.398
871.27
820.019
820.019
820.019
820.019
745.472
713.06
1800.73
2045.63
1843.95
1536.62
1203.69
1024.41
819.532
819.532
819.532
819.532
745.029
712.636
712.636
1525.64
1803.9
1739.93
1509.64
1228.19
1023.49
818.79
818.79
818.79
744.355
711.992
711.992
711.992
1841.99
2072.24
1867.58
1534.99
1227.99
1023.33
818.663
818.663
744.239
744.239
711.881
711.881
708.033
1521.3
1738.62
1738.62
1534.08
1227.26
1022.72
818.176
818.176
743.797
727.268
719.276
711.458
688.991
1865.92
2095.97
1942.61
1635.88
1226.91
1022.42
817.939
778.99
743.581
719.068
715.138
709.324
707.407
1840.21
2044.67
1840.21
1635.74
1363.12
1022.34
860.915
760.809
735.163
719.006
145.967
724.981
724.981
