1 0
1 8192 2 14
1000 1900 100 9
3.46266
8.45084
16.8969
33.4478
65.8578
126.59
220.252
353.018
493.344
629.57
728.997
792.959
829.859
846.26
4.35366
8.70926
17.3972
34.5541
68.8525
131.241
229.524
362.253
513.429
649.351
750.053
810.573
847.282
865.14
4.43255
8.85819
17.7002
35.4282
70.3306
134.241
233.027
371.013
525.824
666.466
770.952
832.345
868.944
887.835
4.42985
8.9003
17.8737
35.3089
70.8668
135.694
236.836
375.82
531.517
668.856
766.189
828.537
861.789
881.186
4.51436
9.0146
18.0982
35.8261
71.1753
137.756
240.766
381.911
534.656
670.027
768.844
832.311
864.447
880.515
4.53992
9.1501
18.3218
36.377
72.3218
139.687
245.424
383.872
536.268
668.605
761.749
818.926
848.437
870.57
4.60473
9.2361
18.3738
36.6083
73.0363
140.892
247.291
390.314
544.551
680.427
777.48
837.287
868.764
889.748
4.61631
9.16553
18.5717
37.1618
73.972
143.095
249.843
393.382
547.508
683.422
780.546
840.953
871.748
890.699
4.69413
9.38307
18.7091
37.304
74.1516
143.905
253.618
397.522
548.73
679.191
771.476
831.229
860.441
881.687
4.6608
9.42561
18.7877
37.4944
75.1275
145.447
253.538
397.043
552.199
686.458
782.621
837.36
869.907
887.661
