1 0
1 8192 2 14
1000 1900 100 9
1.68929
4.2018
8.38838
16.7704
33.2012
62.6866
109.947
174.664
248.21
314.785
365.524
396.889
414.93
423.13
2.17368
4.35705
8.73736
17.2189
34.124
65.9226
114.498
180.785
256.404
324.179
374.778
405.782
422.649
432.57
2.18313
4.42679
8.82821
17.5273
34.9485
66.7518
116.716
185.212
266.232
333.971
384.295
417.353
434.472
443.917
2.23387
4.43188
8.97607
17.9521
35.5687
67.9334
118.938
188.69
266.884
333.909
383.787
415.654
430.895
440.593
2.28307
4.58026
9.07893
17.9821
35.7759
69.7693
120.985
190.705
268.332
337.424
386.43
416.959
433.83
443.471
2.30013
4.59306
9.16631
18.1813
36.3986
70.4918
123.087
193.78
269.287
336.147
382.719
411.308
427.907
435.285
2.30237
4.60883
9.2607
18.3861
36.8706
70.9215
124.531
195.354
273.325
341.262
389.789
419.693
436.48
444.874
2.31856
4.64985
9.27889
18.4884
37.0508
71.7142
125.477
196.395
274.494
341.415
390.273
419.292
435.874
445.35
2.34512
4.69413
9.39603
18.6728
37.3248
72.1184
126.518
197.765
274.697
340.591
387.066
415.614
430.221
440.843
2.33112
4.70847
9.44584
18.7992
37.4944
72.6079
127.601
200.093
277.024
343.229
390.571
420.159
434.954
443.83
