1 0
2 32768 2 16
500 2300 100 19
0.0587604
0.128514
0.259175
0.506017
0.975465
1.81569
3.42627
6.45081
9.45405
13.7241
18.5298
22.8104
25.7047
27.5398
28.3435
28.065
0.062554
0.120132
0.243791
0.463351
0.910323
1.7976
3.54156
6.07751
9.33183
13.2408
16.9593
19.8487
21.415
22.2794
23.1257
23.066
0.0714408
0.134062
0.266826
0.503857
0.979649
1.91182
3.78648
6.61074
10.5358
15.2294
19.6562
23.0699
25.02
25.8227
25.5994
27.4177
0.0608049
0.135997
0.272669
0.52027
1.04853
2.11376
4.02863
7.19158
11.3431
16.2313
20.6828
24.0053
26.0468
27.2054
27.9522
27.2075
0.0747674
0.139577
0.27873
0.570148
1.12367
2.16472
4.31085
7.50554
12.1037
17.2982
21.929
25.3115
27.2503
28.454
29.0618
27.6254
0.0699768
0.151429
0.303975
0.587229
1.21321
2.16263
4.45506
7.81748
12.4931
17.6321
21.9559
25.2397
27.3541
28.1578
28.0684
24.8568
0.077613
0.161483
0.300523
0.597995
1.18236
2.31011
4.46221
7.84855
12.1044
16.4116
20.1689
22.758
24.4679
24.2038
22.2698
24.6801
0.080687
0.160542
0.317942
0.630259
1.22012
2.36392
4.53672
8.10719
12.807
17.6625
21.8409
24.8978
25.5299
27.1708
27.0269
27.4594
0.0735752
0.169054
0.341565
0.657248
1.25405
2.4752
4.53991
7.44558
11.0897
14.221
16.6598
17.9289
19.6211
18.06
19.9556
18.6742
0.0757834
0.179988
0.351997
0.652653
1.29852
2.43006
4.65668
8.16945
12.2761
16.3473
19.8273
21.9738
23.0872
21.9893
21.2678
24.7195
0.0903782
0.173915
0.337897
0.680459
1.25869
2.48968
4.68142
8.59475
13.5041
18.5945
22.5458
25.3985
27.4152
26.8117
26.6615
26.7487
0.0810867
0.174662
0.33407
0.678207
1.32395
2.46721
4.48302
8.16645
12.2184
16.1181
19.1749
20.5828
22.2168
20.7058
23.3225
23.1281
0.0800092
0.166516
0.308546
0.663134
1.30395
2.40212
4.76994
8.11721
13.9389
18.7949
23.3605
26.2557
26.2549
27.0902
28.7873
27.6579
0.0725655
0.164797
0.326667
0.631107
1.23328
2.39864
4.5767
7.9184
13.0373
17.4215
20.7527
23.27
24.673
24.5508
24.9807
25.1098
0.0798418
0.16713
0.330615
0.662425
1.3407
2.60759
4.52306
7.76125
13.215
19.0617
23.356
26.1336
27.7428
27.7072
28.3315
28.7374
0.0818954
0.170125
0.324277
0.656876
1.21059
2.44991
4.91399
8.33002
13.4672
18.9329
22.4701
25.665
27.4526
23.7761
27.8028
28.2841
0.0853313
0.160847
0.341191
0.681666
1.26349
2.55893
4.72342
7.98804
12.6838
17.6201
21.4419
24.2044
24.9259
23.2995
26.1255
26.093
0.0852111
0.17082
0.321712
0.653791
1.22123
2.27234
4.65624
7.93198
12.766
18.7774
23.0365
25.2173
25.4458
27.4632
25.436
28.7909
0.0881733
0.165786
0.321661
0.650652
1.38247
2.62875
5.08146
8.43371
12.6247
17.7977
21.5445
24.7374
25.1309
26.5539
25.5441
26.3453
0.0839718
0.170337
0.347154
0.680235
1.40693
2.5097
4.80654
8.26037
13.5436
18.8514
22.9233
25.0417
24.2827
25.1561
26.68
28.8858
