1 1
1 4096 2 12
1000 7992.754188 1.414 7
6387.98
15777.4
31554.7
63775.7
123041
212821
341538
510667
608249
681846
724077
754418
7428.61
16633.9
33728.9
69122.4
135863
239150
372580
481680
648250
717090
755608
822810
8456.57
17565.6
35323.1
71848.9
142674
243693
388925
544086
661583
717260
822066
930146
8359.32
17678
35483.9
72809.8
142959
255014
397870
578795
674578
795741
923452
877607
8360.74
17411.8
35079.3
71181.3
139704
248317
382907
567814
742904
726541
785449
863994
8639.48
16665.5
33331
65435.1
127599
235567
358257
552927
745961
772135
811396
837570
8383.16
19015.5
37008.6
77288.6
144763
278076
402392
615038
641210
811326
889842
837498
