1 1
1 8192 2 13
1000 3997.58436482 1.414 5
7891.88
15793.4
31750.1
64852
124002
218048
351686
493549
616859
683486
733097
759338
810179
8228.93
16755.6
34100.2
69352.9
136990
236742
374936
481885
643332
717910
753969
839201
911319
8066.37
17636
35348.7
72590.9
143442
247275
392201
570288
668952
733636
818790
903945
864643
9043.67
17614
35688.6
73270.3
142140
254195
391321
577157
663117
792466
923452
851410
812114
8539.71
17335.1
35386.1
71079.1
139499
247907
377997
566178
736359
733086
929448
916358
994902
