1 1
1 8192 2 13
1000 7992.754188 1.414 7
7530.72
15726.1
31644.4
64480.4
123900
217049
345689
481864
610709
664626
703576
741297
810179
8152.1
16848.4
33792.9
69429.7
136273
236845
367150
544989
637186
710534
750691
812976
924432
7989.6
17584.8
35195.2
72411.8
141907
246558
388721
573972
654214
722173
812240
903945
903945
7681.36
17562.9
35790.9
72912.2
146336
255423
391321
576339
661480
789191
746621
877607
812114
8463.01
17386.2
35028.2
70465.4
140522
247907
381270
567814
733086
719995
759268
916358
994902
8204.95
16461
32922.1
65435.1
128008
238838
359893
543112
752504
785222
759048
889918
942266
7718.64
15335
31079
78924.4
146399
227368
405663
497265
732811
811326
837498
942186
837498
