228.963
496.734
754.866
2113.6
4159.71
7655.44
13982.1
26453.8
30400.4
773.818
1919.44
3503.57
7194.58
13508
8515.45
27226.4
29251.7
31713.4
1817.49
3639.38
7609.91
13192.8
20130.7
24940.7
27562.2
29242.8
30033.3
3186.63
5612.33
9906.56
15275.7
21661.4
25158.9
28673.9
29482.8
35001.6
3674.43
6569.91
11066.1
15511
20929.8
24849.6
29082
30948.2
33603.1
3104.62
6373.68
10297.6
16213.7
22102.2
24823.1
30001.9
34008.3
39805.6
3698.9
6721.41
11304.9
16844
20965.8
21305
30487.8
33264
32661
3314.73
6673.55
10712.1
15863.1
23093.4
24327.8
29167.2
34351
34055.7
3989.3
6701.28
11135.9
16402.2
21584.2
25346.8
27360.4
32384.1
35774.7
