1 0
1 2048 2 09
100 900 100 12
0.202
0.50904
1.90688
4.39552
9.63136
19.7798
41.111
79.6365
156.17
324.751
2.29944
4.75968
9.13344
18.6528
37.5629
73.5821
148.193
288.154
580.424
1193.78
5.49024
10.547
20.5162
43.344
86.1101
168.753
342.129
661.141
1322.28
2681.55
9.49568
19.633
39.0093
77.5053
156.037
301.809
620.042
1215.45
2430.89
4796.09
14.2284
28.056
57.3144
113.827
224.448
432.864
891.379
1757.11
3514.21
6771.92
18.8954
37.2139
74.4278
147.702
311.558
600.038
1181.61
2344.77
4357.2
8566.7
22.5722
43.9667
91.0739
179.007
367.436
716.029
1406.94
2864.12
5426.75
10250.5
27.6826
55.3651
111.756
221.46
434.719
853.033
1738.87
3346.51
6496.17
12336.2
34.7065
67.4669
140.124
269.868
544.925
1079.47
2179.7
4234.84
8137.54
14614.4
