1111111111111111111111111111111111
2222222222222222222222222222222222
3333333333333333333333333333333333
4444444444444444444444444444444444
5555555555555555555555555555555555
6666666666666666666666666666666666
7777777777777777777777777777777777
8888888888888888888888888888888888
9999999999999999999999999999999999
10101010101010101010101010101010101010101010101010101010101010101010
11111111111111111111111111111111111111111111111111111111111111111111
12121212121212121212121212121212121212121212121212121212121212121212
13131313131313131313131313131313131313131313131313131313131313131313
14141414141414141414141414141414141414141414141414141414141414141414
15151515151515151515151515151515151515151515151515151515151515151515
16161616161616161616161616161616161616161616161616161616161616161616
17171717171717171717171717171717171717171717171717171717171717171717
18181818181818181818181818181818181818181818181818181818181818181818
19191919191919191919191919191919191919191919191919191919191919191919
20202020202020202020202020202020202020202020202020202020202020202020
21212121212121212121212121212121212121212121212121212121212121212121
22222222222222222222222222222222222222222222222222222222222222222222
23232323232323232323232323232323232323232323232323232323232323232323
24242424242424242424242424242424242424242424242424242424242424242424
25252525252525252525252525252525252525252525252525252525252525252525
26262626262626262626262626262626262626262626262626262626262626262626
27272727272727272727272727272727272727272727272727272727272727272727
28282828282828282828282828282828282828282828282828282828282828282828
29292929292929292929292929292929292929292929292929292929292929292929
30303030303030303030303030303030303030303030303030303030303030303030
31313131313131313131313131313131313131313131313131313131313131313131
31313131313131313131313131313131313131313131313131313131313131313131
32323232323232323232323232323232323232323232323232323232323232323232
