1 0
2 32768 2 15
500 2300 100 19
0.0634058
0.127509
0.255804
0.491477
0.889376
1.76621
3.19142
4.89718
7.10535
9.37481
11.4133
12.2897
13.7816
14.1066
13.9225
0.0618245
0.12099
0.218958
0.438749
0.918323
1.56781
2.79673
4.69181
6.71248
8.53853
9.90874
10.6764
11.0932
11.4972
11.4383
0.0731343
0.135144
0.247638
0.479333
0.90639
1.85256
3.38973
5.00792
7.1967
9.81292
11.5431
12.5281
12.8604
13.5686
12.831
0.0728732
0.13308
0.263604
0.488908
0.929698
1.7525
3.2381
5.71039
8.06442
10.3381
12.0048
13.0215
13.5845
13.9362
13.5568
0.0760638
0.139389
0.283504
0.596116
1.08728
2.15181
3.81958
6.00163
8.63733
10.9179
12.7587
13.7433
14.3306
14.6059
13.8725
0.0671878
0.154187
0.299976
0.588423
1.11866
2.23921
3.87858
6.24402
8.81029
11.0957
12.5279
13.5665
13.9524
13.9206
12.3144
0.0765003
0.153045
0.294272
0.591494
1.13355
2.17751
3.87295
5.84086
8.21326
10.0581
11.3524
12.2183
12.0851
11.1192
12.2989
0.0779117
0.154918
0.295521
0.613222
1.22123
2.16522
3.99194
6.30667
8.79404
10.8884
12.4078
12.7214
13.5583
13.4801
13.7005
0.0675851
0.162324
0.317935
0.600674
1.20017
2.15552
3.71955
5.47397
7.14098
8.3502
9.00411
9.83963
9.05107
9.98337
9.32864
0.0710073
0.164026
0.325909
0.631389
1.14194
2.19775
3.96375
6.18196
8.25412
9.77628
10.8432
11.4254
10.8932
10.5222
12.2043
0.0822939
0.157514
0.322913
0.615902
1.22417
2.22214
3.87182
6.7273
9.30329
11.3394
12.7689
13.776
13.4745
13.3815
13.4051
0.076501
0.165973
0.335651
0.630381
1.22825
2.14894
3.81938
6.06867
8.01094
9.55003
10.2418
11.0563
10.3048
11.6154
11.5115
0.0846026
0.1673
0.32342
0.672543
1.21898
2.33105
4.27142
6.82514
9.2965
11.5393
12.9541
14.1091
14.6191
13.9189
13.3841
0.0836638
0.170385
0.339307
0.625117
1.21172
2.16654
4.24433
6.48182
8.66754
10.3427
11.5894
12.2504
12.1976
12.4246
12.4899
0.0802064
0.157676
0.32958
0.623435
1.20198
2.43708
4.22915
6.5644
9.49915
11.6091
12.9676
13.7729
13.7861
14.1014
14.291
0.0826662
0.174505
0.333442
0.643484
1.32134
2.27943
4.25893
6.77452
9.28735
11.5449
12.3281
13.0715
14.4181
12.3887
14.352
0.0838996
0.166365
0.339523
0.617965
1.28808
2.2213
3.9851
6.06138
8.94845
10.8105
12.1273
12.4718
11.6433
13.0467
13.0214
0.0686397
0.145323
0.323169
0.631223
1.27638
2.31165
4.05045
6.38048
9.30734
11.3863
12.4207
12.541
13.5064
12.5226
14.2612
0.0864127
0.167521
0.337469
0.665328
1.31796
2.33251
3.89541
6.55305
8.86483
10.6656
12.215
12.381
13.1144
12.6097
13.0809
0.0859488
0.169945
0.339324
0.672902
1.38783
2.38907
4.06968
6.63571
9.124
11.0582
12.1048
11.7271
14.0517
12.9381
14.2047
