
297.57956 1019.56647 1068.0273 1087.4482 1083.6843 1108.0275 1113.2803 1108.6647 1088.4767 1123.4491 1115.9434 
305.78592 1022.0191 1068.3627 1084.5762 1097.2664 1108.1483 1106.4291 1111.7069 1114.098 1082.451 1116.0712 
282.5632 1014.5313 1070.0564 1083.9668 1097.2634 1106.2885 1107.3553 1109.8895 1102.272 1118.1221 1119.3905 
275.46802 1019.7298 1068.0096 1085.1353 1096.6984 1104.3921 1092.1973 1082.2821 1115.996 1081.881 1116.499 
267.4127 1011.0555 1070.9205 1084.8921 1089.8909 1103.6755 1111.177 1110.3761 1110.162 1119.1252 1116.1465 
269.47742 1017.3183 1068.0156 1086.8954 1049.9663 1089.5472 1106.9102 1110.8792 1112.9252 1112.7625 1122.8617 
269.2441 1014.70294 1070.1404 1079.7772 1072.4574 1101.9719 1100.3253 1107.0715 1109.5212 1097.0597 1112.1444 
271.59198 1019.3967 1067.126 1086.3505 1101.5415 1090.8945 1110.1497 1110.6044 1100.921 1117.5306 1120.597 
276.55023 1018.4804 1067.3458 1091.95 1090.9121 1108.0547 1105.5265 1107.8242 1065.4354 1076.4999 1117.8337 
273.17456 1017.0669 1067.5171 1088.004 1097.2208 1104.4885 1113.2739 1110.7229 1074.9879 1115.6355 1115.7666 
272.21915 1008.76733 979.79016 1055.0651 1097.9102 1099.2892 1103.7944 1105.9326 1107.5063 1111.3982 1106.4099 
275.33508 1014.25586 1066.4615 1063.312 1102.8625 1107.2734 1064.7676 1118.8672 1104.232 1120.4395 1061.4902 
269.38608 1012.35913 1064.6967 1064.7974 1095.1628 1101.3556 1064.4186 1110.2549 1112.283 1090.9819 1115.6323 
274.08536 1010.4475 1047.0747 1094.3619 1095.3807 1098.3456 1003.37134 1110.2372 1109.6768 1109.9155 1115.7898 
270.39066 1016.3824 1050.6661 1076.0376 1087.7311 987.70776 1001.562 1102.7571 1109.6898 1115.4539 1121.9172 
272.73578 1009.66626 1012.6107 1045.4655 1076.7601 1099.1835 1102.765 1113.6964 1122.2765 1116.2454 1116.6996 
270.11713 1004.79675 1062.9261 1015.18713 1063.391 1097.8556 1071.1749 1074.7296 1113.205 1103.2179 1019.28156 
269.48926 1008.3522 1055.8846 1066.6311 1080.538 1056.9896 1105.8638 1106.1915 1110.0724 967.4305 1067.7305 
268.23593 999.8334 1058.037 1065.8296 1036.1661 1093.4133 1106.0181 990.8097 1114.2832 1035.5114 1093.1835 
267.3338 999.5877 1064.0969 1082.9203 1081.0327 1099.8157 1089.6934 1110.2689 1035.2039 1104.4187 991.0543 
263.23904 1001.9351 1060.4525 1083.1799 1055.214 1081.1715 1096.4513 1070.3672 996.5327 1068.6989 1112.6752 
261.45596 986.4101 1050.7388 995.50507 1091.0125 1093.867 1107.7267 1072.21 917.79285 1118.3328 1116.0511 
258.7003 994.89087 1051.398 1089.4238 1079.0424 1092.2908 1100.1412 1105.3153 1111.289 998.52795 1123.3477 
246.75813 1008.9235 1047.3093 1067.0405 1087.3563 1101.2637 886.5862 1107.5093 1107.3859 1098.6184 1119.054 
242.2019 1002.9074 1056.7422 1070.4967 962.564 1090.3259 1104.2576 1111.9038 1118.6469 1106.4403 962.8714 
248.08302 1003.11884 1049.0674 1078.3718 1095.4694 1048.7733 1105.1581 848.26184 1116.0922 1113.5142 1103.7173 
237.60854 1012.02875 1049.4049 1068.592 1099.3209 1086.5121 1107.825 1114.7834 1114.2097 1117.7837 1113.1439 
238.24149 995.51276 1040.9202 1081.862 1091.162 1092.3711 961.07904 930.07104 1045.2991 1098.1564 1110.514 
241.26215 1001.6612 1073.8643 1046.6512 1079.5826 1021.11865 1058.6088 1103.1069 1110.4377 878.8053 997.54736 
232.43776 991.3259 1032.6709 1058.4344 1068.7242 1079.0026 987.60626 1041.6202 1110.4425 1106.2838 1114.7034 
236.95734 993.5078 1040.9861 1066.759 1078.0507 1078.774 1065.2645 994.4402 1099.9993 1102.7181 1071.4861 
233.99023 983.03125 1047.1611 1067.6135 1089.2931 1078.7926 1086.441 1101.6013 1098.6678 1111.1082 1094.4135 
229.96391 977.8129 1045.6069 1057.3875 1070.9777 1083.7233 1090.3655 1086.4574 1097.8059 1106.7919 1104.6162 
222.23969 988.30536 1037.5258 1067.0825 1073.3912 1080.6415 1087.7233 1092.9562 1093.5087 1099.6481 1083.5369 
220.94931 997.2424 1040.8291 1068.0177 1072.0466 1081.409 1089.7814 1100.054 1104.0167 1107.6421 1101.6829 
203.99606 986.5851 1042.556 1086.8136 1087.6832 1096.666 1108.2415 1095.5631 1101.6262 1104.066 1113.9817 
198.3905 957.4849 1065.4984 1069.47 1092.3699 1084.7811 1104.1001 1092.7509 1110.0231 1111.9407 1109.9977 
174.5517 1007.65704 1040.0933 1074.4987 1093.0104 1085.4808 1098.1125 1109.4166 1099.6112 1110.4703 1105.1765 
173.46408 981.1331 1054.7957 1082.1136 1073.9878 1103.7317 1091.0242 1104.7058 1102.0518 1109.1704 1116.9814 
173.77415 976.0403 1050.0333 1075.2705 1071.1838 1094.5632 1100.5037 1097.7488 1108.6088 1113.721 1112.6929 
160.42195 985.4859 1056.0917 1066.4218 1079.3379 1086.7535 1099.4326 1104.8632 