
3.0076945 244.57494 427.7998 567.8862 687.96674 772.351 855.04803 923.8117 966.10895 1029.7838 1075.179 
4.168696 324.31808 545.893 704.00934 824.7375 929.90704 993.7106 1064.6902 1104.5997 1151.0963 1203.5111 
5.373631 401.0415 650.96716 825.4897 936.7073 1039.9026 1102.5735 1162.9302 1217.9064 1246.4199 1291.1365 
6.7924695 481.42166 744.27435 924.9846 1042.6069 1132.7595 1201.4042 1257.8495 1304.7273 1337.4924 1363.2588 
8.206344 560.04956 839.28876 1000.37634 1114.9615 1212.2251 1256.5371 1311.8835 1354.1511 1381.2189 1411.6385 
9.677739 622.16565 915.272 1079.8881 1194.2812 1276.3491 1321.9629 1362.5319 1410.5894 1436.2904 1447.3282 
11.494351 681.80817 972.03046 1143.7534 1250.4965 1327.3478 1371.1132 1423.9078 1442.0048 1467.5375 1482.446 
13.746279 749.2977 1044.184 1198.7375 1298.1552 1362.7097 1403.4143 1446.2711 1470.9712 1500.3169 1518.668 
14.841394 810.5648 1086.4486 1239.5846 1334.8505 1393.3888 1442.7783 1482.4153 1493.3921 1529.1505 1543.8622 
17.00108 847.55707 1148.5541 1280.3977 1369.4827 1417.3557 1472.4246 1499.2913 1523.79 1544.0254 1556.2983 
18.727081 897.27325 1161.0636 1305.3667 1393.7009 1441.9918 1484.9644 1501.9645 1541.8967 1552.4474 1555.2603 
20.528252 926.63947 1211.2693 1340.7792 1426.2479 1477.7186 1508.8564 1531.7542 1559.1544 1564.553 1587.2977 
22.16465 962.5165 1228.1023 1368.705 1450.9514 1495.3983 1528.1405 1542.4005 1574.4697 1583.8496 1586.9574 
23.871046 984.766 1268.1007 1399.0934 1458.3553 1499.702 1541.2454 1549.0015 1580.4062 1566.2394 1613.6028 
25.518663 1003.19104 1275.2766 1404.5895 1472.4795 1509.9957 1545.8638 1570.8035 1580.0183 1603.8214 1614.8716 
27.564362 1062.5079 1309.1023 1423.5602 1496.8682 1532.7698 1561.3619 1573.022 1600.6763 1606.443 1619.2344 
28.196297 1074.7053 1309.0349 1438.0952 1503.4419 1545.7351 1551.9457 1579.9308 1601.8784 1611.0833 1629.7471 
28.979788 1085.4246 1342.3605 1432.4846 1511.2471 1545.999 1552.017 1585.0175 1606.3524 1622.9418 1625.2441 
31.113213 1119.3112 1353.454 1459.2921 1509.412 1552.7329 1584.9072 1591.0038 1614.9281 1611.2015 1629.2606 
32.367367 1123.2129 1366.9689 1466.9437 1530.7422 1557.8245 1589.7178 1593.9354 1607.5042 1609.1359 1642.3668 
32.81848 1152.164 1387.1947 1483.3837 1532.7754 1572.7458 1585.6692 1615.1388 1625.329 1632.2867 1649.8691 
34.418457 1149.1577 1398.0587 1490.8898 1531.0746 1580.0149 1606.7922 1609.7703 1631.87 1636.1898 1648.2959 
36.032063 1177.5996 1401.5183 1490.9716 1530.8312 1535.812 1595.4236 1609.9454 1629.696 1604.9773 1635.0831 
36.31656 1174.5348 1397.9958 1502.6238 1557.7526 1551.654 1588.9955 1572.8314 1625.7671 1638.2328 1654.5564 
37.723644 1181.0248 1405.7012 1493.2859 1538.2855 1571.0186 1587.6355 1613.404 1642.5547 1630.0894 1651.1353 
39.769096 1209.5813 1432.4453 1484.6263 1558.4421 1589.0448 1618.392 1618.8357 1640.9397 1645.4346 1659.2131 
39.90719 1217.0985 1435.2762 1522.4568 1560.4087 1586.8062 1612.515 1624.7543 1643.9578 1653.4736 1659.2078 
41.353592 1222.8644 1447.7797 1518.545 1555.8363 1593.8809 1617.1276 1623.949 1649.2382 1654.9956 1670.9006 
41.23515 1243.5209 1433.0824 1534.9989 1578.9368 1576.8063 1632.7164 1634.5116 1656.6602 1660.8041 1661.1177 
42.160217 1234.2574 1450.7731 1509.1027 1574.1863 1597.9757 1601.346 1632.7972 1652.083 1646.8494 1667.9818 
42.45635 1244.8873 1441.0851 1538.8384 1577.2924 1614.3398 1620.6901 1638.444 1650.4657 1648.0403 1659.1682 
44.456615 1242.993 1467.9888 1510.5001 1587.6571 1591.8799 1626.2313 1640.3162 1653.1469 1661.1869 1665.8722 
43.792114 1250.4204 1467.9574 1517.3679 1583.949 1606.0745 1601.3401 1635.5267 1658.3909 1658.8518 1675.1227 
44.65058 1242.6589 1464.2137 1490.5555 1589.8557 1613.1156 1628.7291 1644.013 1639.5856 1665.1001 1667.4443 
45.104225 1274.8434 1464.6602 1539.9471 1585.8545 1612.6805 1632.5876 1602.7631 1655.5314 1662.036 1670.0846 
45.90909 1281.927 1459.8418 1551.1306 1592.5029 1590.3204 1629.6692 1642.9883 1662.1155 1663.4558 1670.6342 
46.618595 1278.7047 1450.007 1560.1802 1587.9644 1549.0796 1631.7892 1641.1914 1663.2836 1657.4915 1672.9376 
46.45519 1260.6823 1483.2695 1532.7997 1576.9641 1619.3744 1632.8868 1652.3011 1654.9075 1656.7407 1672.3751 
46.46929 1289.9418 1475.1744 1554.703 1599.9961 1615.6278 1595.1433 1650.5643 1654.8274 1662.2198 1674.8885 
47.25845 1261.2284 1480.1594 1553.0691 1577.1183 1627.3638 1642.3444 1646.307 1642.3845 1666.0605 1674.8037 
47.765564 1301.1182 1481.7031 1556.1718 1590.3346 1584.6625 1639.685 1652.7856 1659.5923 1646.9462 1673.5416 
46.80258 1270.2539 1490.1979 1554.8208 1596.2915 1623.7456 1640.3535 1650.5676 1663.2682 1668.3895 1673.6249 
46.793633 1283.2054 1493.8708 1552.5948 1576.8969 1627.3167 1634.7756 1638.7343 1651.3188 1667.3535 1677.8407 
49.431587 1238.9598 1496.9667 1561.0747 1583.641 1632.371 1637.8783 1654.222 1660.8212 1670.3251 1675.7639 
48.97867 1272.8927 1491.9249 1557.4685 1601.623 1619.9648 1644.3569 1657.077 1658.0441 1638.327 1677.3864 
48.66473 1307.6606 1489.9924 1561.9662 1547.3446 1628.4202 1637.8467 1626.4526 1655.7858 1666.082 1638.6228 
49.944656 1310.3945 1491.2708 1565.977 1597.785 1630.662 1638.149 1652.4597 1661.6675 1653.3109 1678.85 
50.291374 1285.132 1473.5194 1568.9537 1557.5835 1610.5952 1642.7329 1653.9178 1660.5286 1669.0265 1666.1375 
49.321194 1290.928 1482.9131 1501.716 
