0.0228284
0.0431668
0.0798124
0.179395
0.339092
0.62633
1.42452
2.68344
4.89741
10.7329
22.6725
37.9183
69.5437
126.464
184.343
243.845
305.966
335.573
393.231
399.781
414.396
0.0217215
0.0469696
0.083146
0.180531
0.319125
0.697444
1.50997
2.65633
5.71202
9.82891
19.8053
38.0836
64.523
116.748
194.96
244.93
275.168
361.078
370.348
393.57
417.112
0.0218201
0.045468
0.0946312
0.161157
0.331646
0.680069
1.39585
2.90734
6.00711
9.96698
19.3818
42.6664
69.936
122.778
195.843
233.587
289.092
361.084
392.606
400.615
400.685
0.0238876
0.0477532
0.095264
0.18993
0.37877
0.752866
1.51044
3.02356
5.96631
11.4734
21.386
37.0246
73.4412
122.945
188.107
258.669
327.911
355.122
376.129
403.838
407.456
0.0215305
0.0412951
0.0950586
0.180546
0.345898
0.665864
1.52343
2.90725
5.45663
9.75867
21.9231
36.7455
69.9218
109.693
182.297
243.921
285.688
336.483
386.289
408.919
420.238
0.0233874
0.0431186
0.0955766
0.175549
0.313342
0.718162
1.33447
2.9395
5.38185
11.4809
19.4905
39.3979
72.1255
109.616
177.378
258.552
295.542
336.426
406.242
404.297
408.571
0.0223201
0.0472077
0.0812384
0.181329
0.387967
0.69251
1.46237
2.50226
5.52671
11.3045
22.5307
42.1455
74.3481
131.127
180.751
256.921
284.133
365.892
383.953
408.315
406.819
0.0227806
0.0466073
0.0948953
0.159305
0.331952
0.692264
1.47943
3.01877
6.09096
9.86067
19.4767
36.7444
74.908
126.833
186.435
253.768
309.161
364.055
381.616
397.898
407.725
0.0205065
0.0417479
0.0853635
0.173536
0.35222
0.716176
1.46855
2.82684
5.63973
11.1044
21.2627
38.7951
76.6762
124.921
169.132
247.777
293.192
351.757
382.816
398.909
415.477
0.0235665
0.0441038
0.0864173
0.168906
0.330042
0.647677
1.53754
2.86726
5.54107
10.5407
19.4955
40.979
77.8148
122.393
197.732
252.882
293.264
344.387
370.897
382.207
409.933
