1 0
1 1048576 2 21
500 5300 100 49
0.00720318
0.0165454
0.0325391
0.0648458
0.131135
0.263593
0.520815
1.05024
2.10054
4.22423
8.28068
16.1869
32.2616
60.4083
111.007
190.531
297.398
410.724
509.45
592.042
608.628
0.0107451
0.0221813
0.0442986
0.0904769
0.172721
0.358769
0.703636
1.394
2.78983
5.59305
11.0976
21.6183
42.4874
79.6803
142.3
231.986
343.707
466.394
565.533
629.97
631.113
0.0134465
0.026728
0.053508
0.104957
0.211874
0.429561
0.857616
1.69983
3.40192
6.86105
13.4242
26.2571
50.4942
93.1673
162.47
273.484
385.104
521.55
589.858
652.937
630.935
0.0140941
0.0315845
0.0633503
0.126812
0.247598
0.507743
0.979936
1.95487
4.01269
7.86282
15.8203
30.7745
58.6657
104.658
192.722
298.796
412.962
536.085
638.448
649.157
704.486
0.0161003
0.0369385
0.0742984
0.148825
0.294257
0.598928
1.18716
2.33325
4.62934
9.35437
18.1224
35.6011
66.09
127.455
219.363
326.615
450.795
556.508
615.396
645.544
719.979
0.0206588
0.0412989
0.0820391
0.165158
0.329866
0.666416
1.29617
2.63344
5.15931
10.3453
20.2172
40.0993
80.3362
139.445
229.783
346.782
472.016
601.488
643.592
620.577
721.638
0.019466
0.0471452
0.0954645
0.185741
0.372973
0.748702
1.48705
3.01762
5.94904
12.1357
23.6418
44.6293
83.0668
152.545
250.835
371.988
488.334
579.129
605.203
689.56
708.018
0.0249938
0.0506718
0.103394
0.206449
0.414752
0.829825
1.64847
3.26254
6.40991
12.7965
25.1937
48.8829
90.2557
160.391
269.069
384.477
496.312
582.271
656.764
650.459
598.888
0.0275544
0.0553052
0.110489
0.218456
0.436137
0.862628
1.75795
3.51413
6.90685
13.7386
27.0065
52.206
97.0509
171.013
280.651
398.023
525.592
615.636
676.168
734.33
742.226
0.0261111
0.058202
0.115104
0.236473
0.471779
0.929664
1.84884
3.77542
7.4712
14.585
27.8732
54.2986
103.728
176.836
287.081
408.062
533.884
605.26
698.801
647.932
687.068
0.0313389
0.0612378
0.124062
0.243519
0.498408
0.989474
1.97704
3.98615
7.83751
15.7391
29.8699
57.1285
107.937
185.091
294.193
427.705
523.512
633.39
638.44
682.462
678.685
0.0263334
0.0645011
0.129162
0.257963
0.509886
1.02767
2.0225
4.15195
8.14614
15.6821
31.381
59.8711
108.804
202.498
298.596
431.54
555.506
590.334
625.499
700.678
705.723
0.0303568
0.0668011
0.134483
0.261711
0.531882
1.09167
2.13374
4.3103
8.32929
16.4023
32.7786
60.5589
114.693
195.651
309.465
432.571
536.101
581.903
675.016
692.415
706.298
0.0310039
0.0697471
0.140192
0.274651
0.545192
1.10352
2.21866
4.44935
8.88003
17.4167
32.4501
63.9396
119.149
203.789
314.954
447.754
548.464
608.462
630.743
672.024
749.669
0.0360487
0.0723516
0.141214
0.284676
0.577736
1.12531
2.24687
4.43026
9.18357
18.2492
36.3024
69.1066
122.424
211.396
334.09
431.804
524.366
618.547
707.678
667.552
738.977
0.0364506
0.0771947
0.149028
0.297798
0.594739
1.19756
2.38373
4.80476
9.55765
18.6414
36.4541
67.2046
125.54
207.961
335.731
457.346
563.361
586.754
695.307
748.938
716.906
0.0329401
0.0755781
0.149447
0.294166
0.611564
1.21816
2.41402
4.75417
9.39657
18.8546
36.6733
68.0073
128.161
219.85
325.252
432.782
535.038
615.77
649.031
749.62
766.653
0.0390287
0.0759243
0.153732
0.31193
0.604347
1.21746
2.46652
4.97315
9.51913
18.7666
37.4523
71.5702
124.707
219.852
337.694
456.056
529.668
662.114
650.613
668.019
758.742
0.0366735
0.0772351
0.153695
0.303864
0.629413
1.2503
2.45915
4.80324
9.75401
19.709
36.3353
72.0492
131.364
213.904
327.983
443.697
534.054
635.355
658.762
698.153
773.585
0.0377988
0.0779276
0.161228
0.311802
0.640246
1.24835
2.57283
4.94801
10.0662
18.8686
38.5816
70.6798
134.717
219.434
337.417
468.738
513.297
544.32
665.701
748.085
761.496
0.0340557
0.0788604
0.159836
0.323903
0.618329
1.25092
2.53708
5.14659
9.6536
18.9888
38.9111
71.1397
134.831
216.302
339.334
438.243
523.217
622.286
701.449
701.615
784.881
0.0358415
0.0790902
0.16328
0.312145
0.642016
1.3156
2.51614
5.10964
10.207
19.9442
38.2656
74.1133
130.588
228.118
329.689
434.915
576.854
651.35
642.584
710.379
794.838
0.0347375
0.0831106
0.159696
0.330398
0.635053
1.29929
2.67888
5.08184
10.2397
20.1774
38.6417
76.3405
136.356
223.971
329.444
470.722
577.484
596.952
652.76
682.83
768.403
0.0432141
0.0832582
0.161883
0.336546
0.647053
1.3513
2.58583
5.32776
10.1084
20.1742
38.7705
70.3548
139.593
233.654
324.099
433.309
590.047
643.537
673.35
745.908
776.003
0.0412691
0.0796339
0.169218
0.329062
0.635974
1.35425
2.6315
5.08523
10.7912
20.7785
38.3899
72.2007
134.684
234.866
341.998
421.094
562.146
584.445
656.447
701.841
771.342
0.0353637
0.0850402
0.170989
0.340708
0.679972
1.36282
2.73327
5.4582
10.8173
21.4113
40.0737
78.0267
138.313
224.675
341.739
463.663
574.59
641.899
674.6
751.229
739.095
0.0390642
0.0794501
0.163297
0.333935
0.693864
1.31449
2.72111
5.08469
10.3411
20.6122
39.2487
80.1159
132.651
226.818
326.473
417.121
580.598
616.587
696.904
772.179
790.093
0.0396958
0.0859339
0.16809
0.331723
0.639679
1.38964
2.6758
5.19436
11.1972
21.3166
38.9133
73.7539
142.19
227.953
353.26
429.74
567.536
654.461
681.697
743.468
762.037
0.0425558
0.0860259
0.173769
0.350459
0.64382
1.29832
2.60184
5.25437
10.4548
20.8061
39.1704
78.2137
141.183
240.505
349.452
477.416
590.275
649.316
646.89
704.584
777.203
0.0409301
0.0881207
0.170381
0.324326
0.69632
1.32918
2.85194
5.46002
10.3906
21.7275
39.1742
73.36
141.492
224.818
361.466
453.98
590.882
650.719
692.475
714.506
744.109
0.0399884
0.080709
0.164666
0.336062
0.685365
1.40326
2.85806
5.17324
10.335
19.9317
42.49
74.8453
134.149
228.258
361.108
443.583
557.889
589.899
694.767
740.867
777.216
0.0443447
0.0852269
0.161806
0.350657
0.674193
1.28366
2.78506
5.30978
11.4733
21.7318
39.0933
76.0099
131.37
221.589
323.49
475.35
563.633
668.038
739.023
757.48
779.402
0.0461209
0.0840048
0.177128
0.324919
0.671802
1.38732
2.8794
5.2892
10.8698
21.7985
42.4193
78.0294
148.447
238.808
332.936
466.352
533.533
589.126
718.039
764.555
768.447
0.0423938
0.0834019
0.160371
0.361291
0.711821
1.40584
2.79086
5.52305
10.7518
20.0928
42.6641
75.257
135.159
242.485
391.411
498.073
541.089
678.589
693.295
770.831
770.987
0.0433263
0.0799776
0.168277
0.359065
0.667704
1.41954
2.60714
5.54682
10.1919
21.1054
42.3603
80.8816
139.713
235.001
360.87
463.698
565.574
651.335
724.731
753.396
773.45
0.0433676
0.0882022
0.180808
0.321965
0.652645
1.32467
2.70633
5.49226
11.1347
22.2517
43.0508
77.4638
148.143
240.142
352.807
507.952
590.359
667.262
703.724
767.46
790.146
0.0417963
0.0799264
0.178743
0.346406
0.675621
1.27903
2.9045
5.64573
10.9185
20.34
43.1523
74.4387
133.443
246.901
347.995
476.239
609.408
646.807
752.34
732.703
771.193
0.0386324
0.0812727
0.172811
0.31003
0.651097
1.39296
2.48147
5.17884
10.8163
22.5887
38.4335
71.2353
148.731
258.12
331.673
487.237
593.461
695.151
703.053
746.574
779.776
0.0410271
0.0826311
0.166947
0.339861
0.685084
1.39107
2.815
5.75068
12.0269
20.4372
39.0221
85.4642
140.456
230.996
358.216
483.493
605.462
677.616
728.367
767.25
778.161
0.0464183
0.0902888
0.175239
0.341875
0.663796
1.28666
3.03816
4.89556
11.3518
21.5022
38.2612
80.5075
152.089
241.607
357.079
465.331
571.829
688.786
708.653
751.368
791.227
0.0429612
0.0785051
0.176453
0.323692
0.72385
1.35737
2.47117
5.53838
9.99555
21.8273
37.6042
74.1977
130.986
247.968
353.09
443.309
605.115
697.819
694.321
748.577
769.919
0.0441278
0.095123
0.167815
0.359925
0.636342
1.33951
2.89014
5.10188
10.75
22.5614
45.6653
73.2575
153.236
226.056
367.916
441.856
586.253
634.405
748.323
765.51
778.673
0.0457095
0.0943511
0.15951
0.324155
0.656706
1.33384
2.74483
5.57652
11.2312
22.2593
42.6984
78.5396
157.815
264.561
349.408
478.041
602.896
625.473
726.092
762.084
766.545
0.041588
0.081677
0.159984
0.378471
0.751074
1.48944
2.91946
5.68226
11.0219
20.9249
37.5299
82.6095
158.702
253.757
381.075
501.784
587.711
667.902
733.086
777.966
775.666
0.0428159
0.0815444
0.184949
0.350293
0.664846
1.50952
2.8539
5.40448
12.2033
22.2757
38.5976
81.5524
146.767
226.874
356.086
439.189
559.304
624.04
709.665
769.864
784.174
0.0436773
0.0958542
0.175358
0.38377
0.701681
1.54484
2.82557
4.99771
11.2671
23.9331
40.3824
80.3242
145.042
217.115
313.962
467.131
571.62
683.898
697.55
771.647
774.638
0.0484349
0.0858516
0.182017
0.384013
0.658631
1.44339
3.0593
5.23943
11.2673
22.8773
45.2468
83.3686
144.748
249.279
360.083
471.552
549.245
643.763
685.711
761.103
783.188
0.0484517
0.0802221
0.166456
0.355434
0.719254
1.45888
2.95852
6.02725
12.0134
23.4723
44.1727
81.5081
138.61
228.737
375.582
479.062
538.61
619.843
697.983
737.779
782.296
0.0410648
0.0824947
0.165798
0.333331
0.669679
1.34435
2.69981
5.41074
10.7832
20.8732
39.4938
85.0849
133.913
239.293
380.217
466.398
585.892
645.489
702.349
756.837
771.461
0.0423217
0.0820666
0.194143
0.361065
0.70333
1.36118
2.61816
6.16083
11.2105
21.0316
46.3088
80.2181
151.032
233.118
350.188
454.074
538.104
646.674
718.268
750.009
771.046
