1 0
1 1048576 2 21
500 5300 100 49
0.00378532
0.00808834
0.0162958
0.0322954
0.0649038
0.131559
0.25569
0.525068
1.03503
2.05121
4.14675
8.19473
16.248
30.638
56.1717
95.331
152.297
213.605
260.14
304.905
314.531
0.005525
0.0110962
0.0222917
0.0439869
0.0874513
0.176663
0.355329
0.711357
1.39121
2.76343
5.59282
10.7298
21.5269
39.5722
71.2327
115.986
176.236
233.173
291.443
321.584
294.621
0.0066382
0.0136274
0.0267339
0.0542076
0.108277
0.220467
0.426991
0.878771
1.72261
3.42294
6.70642
13.2569
25.7947
45.9511
82.6878
139.119
196.552
252.175
310.441
326.01
319.202
0.00741633
0.0160996
0.0318525
0.0625389
0.127947
0.259041
0.518446
1.03229
2.04926
4.05029
8.04337
15.2443
28.8934
52.25
98.2426
157.688
216.549
278.425
327.264
335.316
386.105
0.00867895
0.0180851
0.0368379
0.0734739
0.146859
0.297774
0.590965
1.19624
2.32115
4.66995
9.07344
17.8816
32.8669
63.0155
108.606
172.683
235.543
288.407
327.66
356.649
282.131
0.0102589
0.0196339
0.0397828
0.0831737
0.167834
0.325145
0.663743
1.32366
2.63269
5.25741
10.0258
20.2462
38.7489
70.8527
117.476
181.67
248.543
316.107
311.295
375.857
347.424
0.0115322
0.0235907
0.0468379
0.0946612
0.188354
0.374487
0.743574
1.50291
2.93412
5.89058
11.5915
22.4445
42.6147
76.0216
128.081
191.41
252.584
312.223
313.335
357.075
359.263
0.0128633
0.0253706
0.0505635
0.102131
0.201338
0.405567
0.822968
1.62306
3.26291
6.45198
12.7658
24.3669
45.7763
81.4687
136.908
204.117
264.323
327.645
360.054
356.48
369.498
0.0131769
0.0276555
0.0545674
0.10763
0.220965
0.441461
0.884764
1.75928
3.50775
6.90408
13.603
25.7485
48.087
88.0049
143.29
208.912
276.327
321.411
333.23
369.82
360.561
0.0123289
0.0291452
0.0570294
0.116017
0.236204
0.463768
0.946231
1.84997
3.73328
7.21562
14.5523
27.3286
50.3594
89.3956
148.705
209.904
274.779
323.079
334.348
370.798
371.829
0.0137474
0.030402
0.0623876
0.123889
0.242717
0.489381
0.966149
1.9368
3.93913
7.64108
14.7973
27.6178
53.2173
91.1128
153.894
222.553
272.539
320.819
330.004
382.981
381.052
0.0157668
0.0324549
0.0653522
0.13084
0.257609
0.513912
1.02012
2.02529
4.09303
7.99574
15.5502
29.8713
54.8905
98.3065
155.161
225.42
279.796
320.613
340.908
359.248
389.176
0.0140116
0.0327576
0.0662963
0.135476
0.264399
0.53299
1.07875
2.11381
4.235
8.37281
15.9668
31.4811
57.52
99.7268
158.107
231.98
281.689
321.956
330.44
362.588
333.385
0.0172677
0.0346891
0.069856
0.14096
0.272849
0.553011
1.11603
2.20852
4.43463
8.70656
16.3064
32.2319
59.7404
103.325
164.674
232.968
304.876
314.077
337.796
374.883
383.001
0.015154
0.0356664
0.0711206
0.142784
0.290711
0.561242
1.10592
2.32575
4.50265
8.85886
18.282
34.2775
61.4534
107.505
167.056
227.253
294.708
320.062
329.353
352.743
406.248
0.0180218
0.037359
0.0742764
0.14992
0.300884
0.613781
1.24104
2.37983
4.744
9.26384
18.3524
34.1848
64.088
108.649
171.022
231.778
303.169
343.525
385.547
354.501
380.439
0.0191249
0.0376316
0.0740953
0.152959
0.302928
0.592586
1.2235
2.41276
4.66531
9.3928
18.2811
33.9825
64.6551
111.163
170.667
246.747
294.068
298.392
341.126
359.025
368.794
0.0172204
0.0383464
0.077332
0.156462
0.297777
0.606867
1.20387
2.42075
4.83314
9.50263
18.0755
34.3579
63.042
112.656
169.554
244.593
296.639
336.889
356.672
391.32
410.111
0.01847
0.0386511
0.0761502
0.159164
0.316829
0.623986
1.21914
2.52453
4.90861
9.47158
18.6833
34.9979
63.2637
111.808
179.613
235.973
307.544
330.441
373.406
385.703
419.662
0.0192334
0.0393444
0.0761492
0.156779
0.301793
0.617801
1.2747
2.44019
4.92802
9.73559
18.6965
36.1179
64.7965
111.735
180.272
239.58
286.773
338.528
345.061
346.475
393.898
0.0203658
0.0388871
0.080302
0.155214
0.319971
0.654425
1.25051
2.55504
5.14615
9.77893
18.9443
37.0187
66.2811
116.908
176.287
243.059
312.668
343.914
383.186
384.617
407.733
0.0205641
0.0395773
0.0804723
0.166699
0.322918
0.662779
1.27198
2.62937
5.00737
9.88693
18.9875
37.2183
66.1471
117.88
178.994
232.172
281.113
338.513
377.892
399.945
374.602
0.0215219
0.041814
0.0802647
0.164974
0.31669
0.649719
1.34754
2.57519
5.27802
9.8077
18.8913
37.4434
67.3442
112.448
174.195
236.269
321.457
370.909
378.975
408.229
409.448
0.018489
0.041945
0.0814094
0.170267
0.329606
0.640113
1.3228
2.56185
5.30298
9.85128
19.1941
38.6394
65.6329
113.226
184.376
234.087
291.797
338.348
383.231
396.259
397.634
0.0188173
0.0394334
0.0835293
0.164137
0.318023
0.676112
1.31296
2.55998
5.42888
10.5041
19.512
37.097
70.9817
115.795
176.413
241.15
282.286
321.345
317.467
402.901
418.965
0.0215139
0.0434171
0.0810345
0.163138
0.328094
0.662416
1.32824
2.66326
5.35504
10.4662
19.6294
38.4766
68.6306
114.335
183.92
229.774
310.467
323.219
367.136
383.503
405.271
0.0205716
0.0426658
0.0814541
0.168961
0.35005
0.667911
1.38225
2.60202
5.33555
10.8772
19.1069
39.1436
72.257
112.193
169.257
231.94
287.403
327.018
356.794
411.389
412.435
0.020171
0.0438048
0.0855196
0.169882
0.334265
0.651169
1.40634
2.76765
5.44483
10.5494
19.3263
37.3398
72.5546
119.021
172.621
222.289
321.892
360.703
360.717
407.178
408.951
0.0212186
0.0432979
0.0888422
0.164617
0.338914
0.689118
1.39201
2.83346
5.19287
10.418
19.8833
40.1506
74.5362
114.487
175.705
254.028
278.746
355.223
390.707
405.419
426.459
0.0191456
0.0409834
0.0886367
0.171729
0.330368
0.716443
1.39236
2.71222
5.21685
10.9405
19.9118
37.6531
73.8299
122.857
176.304
249.929
321.286
368.981
383.491
419.871
397.907
0.0223722
0.041069
0.0843591
0.170492
0.345735
0.710649
1.29259
2.60359
5.25201
10.3335
19.2996
38.6742
71.0057
108.919
173.82
220.206
291.865
349.419
378.548
395.948
406.98
0.0198727
0.0430999
0.0839921
0.159949
0.347191
0.674971
1.2859
2.78877
5.27757
11.1733
19.8382
38.4128
65.8201
110.769
166.297
253.522
321.369
333.454
386.377
380.179
424.55
0.0225646
0.0415603
0.0861651
0.178174
0.327485
0.680034
1.42186
2.60637
5.33851
10.6624
20.6657
37.9236
72.2016
116.299
164.956
241.981
280.926
334.423
379.175
398.937
408.583
0.0221016
0.0434136
0.0856471
0.16986
0.332949
0.662162
1.27238
2.8562
5.53979
10.6406
19.3677
38.964
69.7249
124.333
169.531
239.37
321.956
380.767
390.415
390.693
407.825
0.0221995
0.0409047
0.0867711
0.160995
0.339653
0.726878
1.34265
2.85837
5.23494
10.8333
21.471
40.5035
69.8628
116.104
178.964
241.078
313.142
340.959
396.165
389.127
405.633
0.0213504
0.043755
0.0894699
0.183777
0.327738
0.667976
1.36563
2.78139
5.639
11.2058
21.4622
38.7471
73.6213
118.502
176.911
271.147
288.151
348.094
389.826
382.422
423.519
0.0199483
0.044615
0.0860541
0.166841
0.319055
0.717378
1.38856
2.69034
5.0988
11.1651
19.969
39.8725
72.6152
107.586
187.488
267.516
313.365
350.099
377.296
400.457
400.362
0.0224436
0.0408139
0.086769
0.155233
0.3253
0.694551
1.25744
2.65451
5.60685
9.86402
19.5289
36.0502
74.0174
128.558
166
255.348
287.956
355.523
376.743
404.745
403.06
0.0231468
0.0404556
0.0817338
0.165298
0.333407
0.670058
1.34507
2.70684
5.4561
10.7298
20.2919
36.1823
70.4725
115.845
181.699
261.776
324.552
341.138
387.615
342.386
418.076
0.0209602
0.0410425
0.0803212
0.189754
0.306732
0.717527
1.4017
2.73396
5.28201
9.7689
21.3926
36.7446
69.188
108.49
197.02
238.418
312.485
338.795
382.075
376.616
415.534
0.0228284
0.0431668
0.0798124
0.179395
0.339092
0.62633
1.42452
2.68344
4.89741
10.7329
22.6725
37.9183
69.5437
126.464
184.343
243.845
305.966
335.573
393.231
399.781
414.396
0.0217215
0.0469696
0.083146
0.180531
0.319125
0.697444
1.50997
2.65633
5.71202
9.82891
19.8053
38.0836
64.523
116.748
194.96
244.93
275.168
361.078
370.348
393.57
417.112
0.0218201
0.045468
0.0946312
0.161157
0.331646
0.680069
1.39585
2.90734
6.00711
9.96698
19.3818
42.6664
69.936
122.778
195.843
233.587
289.092
361.084
392.606
400.615
400.685
0.0238876
0.0477532
0.095264
0.18993
0.37877
0.752866
1.51044
3.02356
5.96631
11.4734
21.386
37.0246
73.4412
122.945
188.107
258.669
327.911
355.122
376.129
403.838
407.456
0.0215305
0.0412951
0.0950586
0.180546
0.345898
0.665864
1.52343
2.90725
5.45663
9.75867
21.9231
36.7455
69.9218
109.693
182.297
243.921
285.688
336.483
386.289
408.919
420.238
0.0233874
0.0431186
0.0955766
0.175549
0.313342
0.718162
1.33447
2.9395
5.38185
11.4809
19.4905
39.3979
72.1255
109.616
177.378
258.552
295.542
336.426
406.242
404.297
408.571
0.0223201
0.0472077
0.0812384
0.181329
0.387967
0.69251
1.46237
2.50226
5.52671
11.3045
22.5307
42.1455
74.3481
131.127
180.751
256.921
284.133
365.892
383.953
408.315
406.819
0.0227806
0.0466073
0.0948953
0.159305
0.331952
0.692264
1.47943
3.01877
6.09096
9.86067
19.4767
36.7444
74.908
126.833
186.435
253.768
309.161
364.055
381.616
397.898
407.725
0.0205065
0.0417479
0.0853635
0.173536
0.35222
0.716176
1.46855
2.82684
5.63973
11.1044
21.2627
38.7951
76.6762
124.921
169.132
247.777
293.192
351.757
382.816
398.909
415.477
0.0235665
0.0441038
0.0864173
0.168906
0.330042
0.647677
1.53754
2.86726
5.54107
10.5407
19.4955
40.979
77.8148
122.393
197.732
252.882
293.264
344.387
370.897
382.207
409.933
