0.0223722
0.041069
0.0843591
0.170492
0.345735
0.710649
1.29259
2.60359
5.25201
10.3335
19.2996
38.6742
71.0057
108.919
173.82
220.206
291.865
349.419
378.548
395.948
406.98
0.0198727
0.0430999
0.0839921
0.159949
0.347191
0.674971
1.2859
2.78877
5.27757
11.1733
19.8382
38.4128
65.8201
110.769
166.297
253.522
321.369
333.454
386.377
380.179
424.55
0.0225646
0.0415603
0.0861651
0.178174
0.327485
0.680034
1.42186
2.60637
5.33851
10.6624
20.6657
37.9236
72.2016
116.299
164.956
241.981
280.926
334.423
379.175
398.937
408.583
0.0221016
0.0434136
0.0856471
0.16986
0.332949
0.662162
1.27238
2.8562
5.53979
10.6406
19.3677
38.964
69.7249
124.333
169.531
239.37
321.956
380.767
390.415
390.693
407.825
0.0221995
0.0409047
0.0867711
0.160995
0.339653
0.726878
1.34265
2.85837
5.23494
10.8333
21.471
40.5035
69.8628
116.104
178.964
241.078
313.142
340.959
396.165
389.127
405.633
0.0213504
0.043755
0.0894699
0.183777
0.327738
0.667976
1.36563
2.78139
5.639
11.2058
21.4622
38.7471
73.6213
118.502
176.911
271.147
288.151
348.094
389.826
382.422
423.519
0.0199483
0.044615
0.0860541
0.166841
0.319055
0.717378
1.38856
2.69034
5.0988
11.1651
19.969
39.8725
72.6152
107.586
187.488
267.516
313.365
350.099
377.296
400.457
400.362
0.0224436
0.0408139
0.086769
0.155233
0.3253
0.694551
1.25744
2.65451
5.60685
9.86402
19.5289
36.0502
74.0174
128.558
166
255.348
287.956
355.523
376.743
404.745
403.06
0.0231468
0.0404556
0.0817338
0.165298
0.333407
0.670058
1.34507
2.70684
5.4561
10.7298
20.2919
36.1823
70.4725
115.845
181.699
261.776
324.552
341.138
387.615
342.386
418.076
0.0209602
0.0410425
0.0803212
0.189754
0.306732
0.717527
1.4017
2.73396
5.28201
9.7689
21.3926
36.7446
69.188
108.49
197.02
238.418
312.485
338.795
382.075
376.616
415.534
